1.011060737188716269e-10
1.014826360800464274e-10
1.084967707974843212e-10
1.161857631783278665e-10
1.120571222698540051e-10
1.043280578016929414e-10
5.496990692200476832e-11
6.340651147782536528e-11
5.433543030478952944e-11
5.317638140816901202e-11
6.264828693777465150e-11
5.470367616330920682e-11
5.765955072762310224e-11
7.083570059081558496e-11
6.772391631217611352e-11
7.517307974349915492e-11
8.433659759755032093e-11
7.532126064933139943e-11
7.078787319593343348e-11
7.547397948513658422e-11
6.015784325025376625e-11
5.613551303302393942e-11
6.484513808386031908e-11
5.456990819794409170e-11
5.529800168794150867e-11
6.034268257481019132e-11
1.128737425584668244e-10
5.973313079771878573e-11
5.461351024556047777e-11
5.334049545341247561e-11
5.695927051659238863e-11
1.042744091689039201e-10
5.824911188998602253e-11
5.432980536678216384e-11
5.503926205741227202e-11
6.227134905974222011e-11
1.186471387731848093e-10
7.230275580386786381e-11
7.088017196105822460e-11
7.388530964676420004e-11
8.264652769214932163e-11
3.497295004830222306e-11
7.986642845091426976e-11
7.099493731531890235e-11
7.348474501750584970e-11
3.845540576748765271e-11
3.241127364832298620e-11
6.445747574716980929e-11
5.394182450272003465e-11
5.003063311138523097e-11
5.564306090910492635e-11
9.900683495051913272e-11
5.706585724554249915e-11
5.300661684559568649e-11
5.804690807755626152e-11
6.142350858066140491e-11
6.282157906911746353e-11
6.544379088254026895e-11
6.108516429781709243e-11
6.062622169447791177e-11
5.773699140482145559e-11
5.719209961510284658e-11
5.824879547723090870e-11
5.675312379536233898e-11
5.948641760102799760e-11
5.572930348840537021e-11
5.739189800659012724e-11
5.444974029747716896e-11
5.411010900807903364e-11
5.773518715605390353e-11
5.707322884068777928e-11
6.494995604729226121e-11
5.943756004469739328e-11
6.984059096944322434e-11
6.652310661024727834e-11
6.869798612785524569e-11
7.413087888056008616e-11
6.476170559372073647e-11
6.865689686536811974e-11
5.733868438897567517e-11
6.596155996187560090e-11
6.038349399221808180e-11
6.552954543315742638e-11
7.416654891089308558e-11
6.768983167004364517e-11
3.630886452410563502e-11
5.978072719690363585e-11
5.433595413894193503e-11
5.143128555753223973e-11
4.572408797852580904e-11
4.857229152286910892e-11
8.888001440867314661e-11
1.021173519578688884e-10
9.768172384228168485e-11
5.532095705044641671e-11
5.456846590028820952e-11
7.033818210741634010e-11
6.717407397192720762e-11
7.936326829367694171e-11
7.588995165994263211e-11
4.108522348866908216e-11
7.312077248777030779e-11
3.679710429250468105e-11
6.653549269971465783e-11
3.474250041382210733e-11
6.519861978266172871e-11
6.794387887106020744e-11
6.416692393293822336e-11
6.781583702562101377e-11
6.538380111503156322e-11
6.062713269040646661e-11
5.762953269002642229e-11
5.638451938431367140e-11
1.079599461799192819e-10
1.123366519198702801e-10
1.123147969562646938e-10
5.911515168708055153e-11
6.040956468015190340e-11
6.201653769094173666e-11
6.236772518283674436e-11
6.345572888841651776e-11
6.344421318149990381e-11
6.309189944848498788e-11
6.619674679792346405e-11
6.442430141722529030e-11
6.389570990356277243e-11
5.642139168178925323e-11
5.590616131585194193e-11
1.066541554981956729e-10
5.585378998595900658e-11
5.591117740059243437e-11
6.185816682981488035e-11
6.518435351484425755e-11
6.903556197834438437e-11
7.070485440524196925e-11
6.688014605284488543e-11
6.084426798168119520e-11
5.418422144653046155e-11
5.052234133905735021e-11
9.235304518755241471e-11
9.112189140427436937e-11
8.756397382013022125e-11
9.078622220961902578e-11
9.148292803936022692e-11
4.984980681887222845e-11
5.315952437306321613e-11
5.755449961423642190e-11
6.402720126176008086e-11
7.840466457742697122e-11
8.106183156426252744e-11
8.429907964671438620e-11
4.546358978774531441e-11
4.443973601275250773e-11
9.272691713438282845e-11
4.304875920820464008e-11
8.941076792309586367e-11
4.211349282015120269e-11
8.024821938781310319e-11
7.514427235353947131e-11
7.237551685578247228e-11
6.626637587355604340e-11
6.771147670364934708e-11
6.425207411437507065e-11
6.513369809300928777e-11
6.514918527792076010e-11
5.930500134023602286e-11
5.730301665259686891e-11
5.223585187726502336e-11
5.359772326659159216e-11
1.052791167289090524e-10
1.142632814276726188e-10
1.105921624244625069e-10
6.038351970536547009e-11
5.805878011229829636e-11
6.291022815534388075e-11
5.925090072044902464e-11
6.082401434950203922e-11
5.757051894996631697e-11
5.777527250682769204e-11
6.026549574754991850e-11
5.792544669086721421e-11
5.934634539826675695e-11
5.551886494298814344e-11
5.684324841489283322e-11
1.091254247321252401e-10
1.117125485098487506e-10
1.096503165087380153e-10
5.634248842048068628e-11
5.695415721713844248e-11
6.336864349478358467e-11
6.628165525723645408e-11
7.052979925504163332e-11
7.187826202870431095e-11
6.991522893389535222e-11
3.245214436483855428e-11
5.899654931222658074e-11
5.475366846781460232e-11
9.933003753784106387e-11
9.587417069132840190e-11
9.085286309924189224e-11
9.143132044718928478e-11
9.042090438659606958e-11
9.496779587040292854e-11
9.850981444338751053e-11
5.394931047818830500e-11
5.904514460764729850e-11
6.636471785927879385e-11
7.212578801257134780e-11
6.953713135949184558e-11
7.643464932637056322e-11
3.550892539142965479e-11
8.005232879418613295e-11
3.724986558769541108e-11
8.021832940109894216e-11
3.575439370298582393e-11
7.843828620666794373e-11
3.583030127239041403e-11
8.069251941355234139e-11
7.435861108859341702e-11
7.800642730151417966e-11
6.843471471814472454e-11
6.599498703450068187e-11
5.968407895910755427e-11
6.028361387806948354e-11
5.705034952064031235e-11
5.771565211263092795e-11
6.195495926890951840e-11
5.729065267040793871e-11
5.714868401487895719e-11
4.916348792461379489e-11
5.126666051841861327e-11
9.466251397052652381e-11
1.042727250779607598e-10
1.010627225852571721e-10
1.092730303040832954e-10
1.048282013145119988e-10
5.554689378355836521e-11
5.399701991940058707e-11
5.816645040875433418e-11
5.655629720319486682e-11
5.785377273999467629e-11
5.652155686673736107e-11
5.710686590161300285e-11
5.881690575881763791e-11
5.589128649614182589e-11
5.628198221306609863e-11
5.206186635985101558e-11
5.507966979301963162e-11
1.082006781935130775e-10
1.151485589227176653e-10
1.118537695845584105e-10
1.162156074246418053e-10
1.126248315667457417e-10
5.919003043843110469e-11
5.993298093778048439e-11
6.584908043341890756e-11
6.789858446589666149e-11
7.343448560615924170e-11
7.604868293847647168e-11
7.575920823527646829e-11
7.186042619340485506e-11
6.593060968325089652e-11
6.108065906928362362e-11
5.548690298417206972e-11
5.261326182901254144e-11
9.951223116375535868e-11
9.775560535102583791e-11
9.507517816440041933e-11
9.648173440356569654e-11
9.835503615346830602e-11
5.272890808989002553e-11
5.641544381815153257e-11
6.244815243085686890e-11
6.666015505827747011e-11
7.220499809902448902e-11
7.081118185572071109e-11
5.940373584652218970e-11
6.191826099846799903e-11
5.941121615360734511e-11
6.252440089906061862e-11
6.061326803608236546e-11
6.338970566018613796e-11
5.977631705948678360e-11
6.237954364875874629e-11
6.074158208034932345e-11
6.546901645632162487e-11
6.554235522121637157e-11
6.980723958699095504e-11
6.947918312743154406e-11
6.872289770334684890e-11
6.515551524378178477e-11
6.155627592248641782e-11
1.175350661901553008e-10
1.127365970242654434e-10
1.126149018090048741e-10
1.149699353832928254e-10
1.152037950926669893e-10
1.101083925510947729e-10
1.027886596529236906e-10
9.716031743492196224e-11
9.547188910681672042e-11
9.448643174171573276e-11
9.754217243574527281e-11
5.009790622513586682e-11
5.291874629795854404e-11
5.368033043833193002e-11
5.554438147335090528e-11
5.509301444644474610e-11
5.716542569497674604e-11
5.726563154278620948e-11
5.952059356388517671e-11
5.917187261637932912e-11
6.033329315398110022e-11
5.967637586226812998e-11
5.880956022072309719e-11
5.911136834169206919e-11
5.583512217231937636e-11
5.508250214649202763e-11
5.308914879369751779e-11
5.535564323283958935e-11
5.601194321364679299e-11
6.030846806514815440e-11
5.986403511309698999e-11
6.210997936526344231e-11
6.033192581981421349e-11
6.423466834756201038e-11
6.456838376971901859e-11
7.037477574003816444e-11
7.197606965029883605e-11
3.928320937188204065e-11
7.982429096909821648e-11
4.325095189190896786e-11
8.289027629195697916e-11
4.191565350336635754e-11
7.327388455128577894e-11
7.217433169654539413e-11
6.142192827092222132e-11
6.084281874034529039e-11
5.453397635059187454e-11
5.399336166879520374e-11
5.052509509077218115e-11
5.075089034576231924e-11
5.132501700316256799e-11
5.369995779581841547e-11
5.857351021782230565e-11
6.296746676992456742e-11
6.729230485953528444e-11
6.628461101861494560e-11
6.566125630073215899e-11
6.057265587846432909e-11
5.440077985247349326e-11
5.550599260947170041e-11
5.496794906747797305e-11
5.641624649995820683e-11
5.609000845490282908e-11
5.743057268281268620e-11
5.620935632369291389e-11
5.701163946126493341e-11
5.676699879079016547e-11
5.877236760559116351e-11
5.948782738224526517e-11
6.376201636617166903e-11
6.641837697802759033e-11
6.925836582911371568e-11
6.660633455919222105e-11
6.577866384421007876e-11
1.216251317024029097e-10
1.203509388362921251e-10
1.132236922317604686e-10
1.154223115587185213e-10
1.140913297196804545e-10
1.161013469105531481e-10
1.157136081598833065e-10
5.515013003176329830e-11
5.389165929397551981e-11
5.145269482631598751e-11
5.263347866572209269e-11
5.223377927214452243e-11
5.603866713576796571e-11
5.637280869531294024e-11
6.007203510614062149e-11
5.960601668362062775e-11
6.108197079281350426e-11
6.084109460552944253e-11
6.284109954699276815e-11
6.234608746119445323e-11
6.345188212742104582e-11
6.205722885718654340e-11
6.153873179608252400e-11
6.186314137102709844e-11
6.230681765462583220e-11
6.353327224189546494e-11
6.191837298455670816e-11
6.026816945016976968e-11
5.757779186111852218e-11
5.744843660584779371e-11
5.875640107782052771e-11
6.484133024820112418e-11
6.715335727820993472e-11
7.114919366654111714e-11
6.814483973956624155e-11
7.080415180225444481e-11
7.033359828860533235e-11
7.216510782874563256e-11
7.595367523791790313e-11
3.908932358955646485e-11
8.293023956653886484e-11
4.211628414805628825e-11
9.024117375590841927e-11
4.447464154944691515e-11
9.070751491664906434e-11
4.269587085401496464e-11
4.061582904017938751e-11
7.436304660235634993e-11
6.740165049084764796e-11
6.184264140063206567e-11
5.766595369688450176e-11
5.419023949304145462e-11
5.324391599543899769e-11
5.339838049202959457e-11
5.478340276512321891e-11
5.841619372473763778e-11
6.288215199843462061e-11
6.553817965921437999e-11
6.403080568372581014e-11
5.954623456330149381e-11
5.769960054382401968e-11
5.525469424987958416e-11
5.642844892856365698e-11
5.862317202680356884e-11
5.641178018824317440e-11
5.969371412369952391e-11
5.767477061302532934e-11
6.129746982333526027e-11
5.958267531476919920e-11
6.323262255635856430e-11
5.979399786689128685e-11
6.283155354549352449e-11
6.160024807660888030e-11
6.506119837108263151e-11
6.736809941240047513e-11
7.073905491473738581e-11
6.713673238864741239e-11
6.576181225075685588e-11
6.112746909661526996e-11
6.221654743147447757e-11
5.937957295030505524e-11
6.155772714336955936e-11
5.906243072672257213e-11
6.376316418366365374e-11
6.279432422297402927e-11
6.812395176563418022e-11
6.344082912025400185e-11
6.751514388520687768e-11
5.977554405982909387e-11
6.508241699231444759e-11
6.253073028048989940e-11
6.786931368149242373e-11
6.669146791906974628e-11
7.113401115032585867e-11
6.742626128917263578e-11
7.288329272211126365e-11
6.897966508479640201e-11
7.303874936729982738e-11
6.827227429150197120e-11
7.067171366971186795e-11
6.608079830763334379e-11
6.788596072114932367e-11
6.501027894205614326e-11
6.733660823106053865e-11
6.586403837405220773e-11
6.469037328764056842e-11
6.187595911858654874e-11
5.990041233670941300e-11
5.867660001707578646e-11
6.092623467353465768e-11
6.770151730731234421e-11
7.732683658647546347e-11
8.182733939112069336e-11
8.546663138512968740e-11
7.661953854741547060e-11
7.967336717099125394e-11
7.714817671754193914e-11
8.241466659770050445e-11
8.057979396014895052e-11
8.588974347537559321e-11
8.702508221153032285e-11
8.905437150977794570e-11
8.855678364803174828e-11
8.800975808267693896e-11
8.699413170232306444e-11
8.275150859161202373e-11
3.754814810603996562e-11
6.894147869244989648e-11
6.390312271370643766e-11
6.058706738066690325e-11
5.682098228729146748e-11
5.610687016248787957e-11
5.513257478545884455e-11
5.771137738733503171e-11
6.003206895563442363e-11
6.652822165372882799e-11
6.841674812758259741e-11
7.322459934484723433e-11
6.430104434984161158e-11
6.465683925264997866e-11
5.785752796012792568e-11
5.980572860971766075e-11
6.212001528082102284e-11
6.201530274685111130e-11
6.239109350177646575e-11
6.380800508410714549e-11
6.558949735316178041e-11
6.832251277978836463e-11
6.895754251607538930e-11
7.243864797848528327e-11
6.932087468683355004e-11
6.993953850038109259e-11
6.741817113872415576e-11
6.711131718457337808e-11
6.916804984042020384e-11
6.984037728775282462e-11
7.017510203008357668e-11
6.839305076693990376e-11
6.598802212012582308e-11
6.795703752094216088e-11
6.724865278328302699e-11
7.043889731532324735e-11
7.024501475682154132e-11
3.907266586855287251e-11
7.721790232980223189e-11
7.991053731072021728e-11
7.505254275283698835e-11
7.609538774423956840e-11
7.415872716646151717e-11
7.639780199712828762e-11
7.342716520517697821e-11
7.630442890825694757e-11
7.595160918495931522e-11
7.956513304211524615e-11
8.008740337640240975e-11
8.143110699411467077e-11
7.863244691170050013e-11
7.551561229200830284e-11
7.427301874663969366e-11
7.237118624066925020e-11
7.077100156840431277e-11
6.769817548895249204e-11
6.701564674892286306e-11
6.266921438835310372e-11
6.081481739995550357e-11
5.498627567184189406e-11
5.665366741411234443e-11
5.351617809939491777e-11
5.787746995031137507e-11
5.783830692923229707e-11
3.443664927247906840e-11
7.236386806246590707e-11
8.444407466807395407e-11
7.720182663044270555e-11
8.107817412062959568e-11
7.473285908783309991e-11
7.944664509692193144e-11
3.723641687965690971e-11
8.222763266729038690e-11
3.743234905299700217e-11
7.902648400542075711e-11
3.417091057623124842e-11
7.645331583005951043e-11
3.404949930648172252e-11
3.735529816732486083e-11
3.148775244833936303e-11
6.311521609414230626e-11
5.536774835339804431e-11
5.661742008263043594e-11
5.265011094390228448e-11
5.522341552234076702e-11
5.245469410309387770e-11
5.621385139409793630e-11
5.590381934697925758e-11
6.336207292812784304e-11
6.675085702128431285e-11
7.670539941028924748e-11
7.497312105372200673e-11
7.300428517139129792e-11
6.892085928912993679e-11
6.518892375916932033e-11
6.457189884728316939e-11
6.317159464111371630e-11
6.247229056519958358e-11
6.171699296319871885e-11
6.217628241957967354e-11
6.578023610188274889e-11
6.708654935407362982e-11
7.173481942603895172e-11
6.901640475163543801e-11
6.774122638586276002e-11
6.252833511861982399e-11
6.272511286933603256e-11
6.054474804192786526e-11
6.352100324996884492e-11
3.015887262511049345e-11
6.285707177522941689e-11
2.990564306636039854e-11
6.479164089099447547e-11
3.270170120671746325e-11
7.077723880966357219e-11
3.599834199749932740e-11
7.542949571142142029e-11
3.934075158451002609e-11
8.031374102575593527e-11
4.017361561907441184e-11
7.854946148620150825e-11
7.851711922448675152e-11
7.782847955930754018e-11
8.135514056060111294e-11
8.122416189873554477e-11
8.398111804487629586e-11
8.281075113054092362e-11
8.690017062782014551e-11
8.424042649018847021e-11
8.299590752806394131e-11
7.623864543993030862e-11
7.524255585513119891e-11
7.121297787765559847e-11
6.821317660965493734e-11
6.576981813576323564e-11
6.142262397164990532e-11
5.941816294696441620e-11
5.411373756671300515e-11
5.279407054221319166e-11
5.050919186777105037e-11
5.173658987015289337e-11
5.361982623383101615e-11
5.800891347355669488e-11
3.260662021114939135e-11
6.770490243636047734e-11
6.851870151400786717e-11
6.524346356503358434e-11
6.513129148642630027e-11
3.083640973115786985e-11
6.400553142757761295e-11
6.033447279030107174e-11
6.100542795967961272e-11
2.761291251555440759e-11
5.641976584082043065e-11
1.061777825931874130e-10
5.696142746082436726e-11
2.749019159880607559e-11
5.580578913566138606e-11
5.136247248720696034e-11
5.008398649158642987e-11
9.830929362369966835e-11
9.788036897167241345e-11
1.000111105068773123e-10
1.015014418547387776e-10
5.480056615504965937e-11
5.583457098650756443e-11
6.561104828301623178e-11
6.785276198457452440e-11
7.552782575025443242e-11
7.200528971346514032e-11
7.165708879723629999e-11
6.817728315817971228e-11
6.543852234511913424e-11
6.522621757967017989e-11
6.393907721907850544e-11
6.260597768938208232e-11
6.122361974003975694e-11
6.071024430322488486e-11
6.234751765365192803e-11
6.022194181038075762e-11
6.069418395283647264e-11
5.700309115761613570e-11
5.744464936382405689e-11
5.546261151407899545e-11
5.619979631598536145e-11
5.399534302233364484e-11
1.073928980402229718e-10
1.017740643342371977e-10
1.047468382417735682e-10
1.065411461075006287e-10
5.897417605116307045e-11
5.936580559069459913e-11
6.436745666156374923e-11
3.169478140609587196e-11
7.061963256062353909e-11
3.582357036662340286e-11
7.674983819456291298e-11
7.472491982250350482e-11
7.490316372311920234e-11
7.181199248409012954e-11
7.610686664427509116e-11
3.657307994984326732e-11
7.796971780034246756e-11
3.674616381986923816e-11
7.958739053096053921e-11
3.869916197499633382e-11
8.175918069001949014e-11
7.682018465518695335e-11
7.504475359087112909e-11
6.847291452477415898e-11
6.499453298335187809e-11
6.106626564733425213e-11
5.842597918504229105e-11
5.551277549692283026e-11
5.504624765273353818e-11
5.289031161139818367e-11
5.503850050213903260e-11
5.688520355690877607e-11
5.915241698220685710e-11
6.262550527055208050e-11
6.048069810141365801e-11
6.074318579511728107e-11
5.606169843109714063e-11
1.112599857338059414e-10
1.053138874537174299e-10
1.061977467919811404e-10
9.994778966173140823e-11
9.928561795673751453e-11
9.309240049915429640e-11
9.451075937265809811e-11
9.228575108131563631e-11
9.620632021728489379e-11
9.537809352423980323e-11
9.726522212075073870e-11
9.478808829538329950e-11
9.433705830428272008e-11
9.691264757169591636e-11
9.949366792678198665e-11
5.504582042375025293e-11
5.879289805033069990e-11
7.261916132040178384e-11
3.874727058211130472e-11
4.221150234035473010e-11
7.888238670020253121e-11
7.295554610731191173e-11
6.946633160209293076e-11
6.708322274574894774e-11
6.603294532701457595e-11
6.450701921118052562e-11
6.626844769323733310e-11
6.217290129149690128e-11
6.354209205158938098e-11
5.784579273010099625e-11
5.893238729153322677e-11
1.098952580911229975e-10
1.144998862332240172e-10
1.081483032890453198e-10
1.117920634713901375e-10
1.034716466038587520e-10
1.047676557376491557e-10
9.814677241781596104e-11
5.199406900071697438e-11
5.199524471937512215e-11
5.482633386481538769e-11
5.463326814444937661e-11
5.651178473930978117e-11
5.808505299607444364e-11
6.326752766256994420e-11
3.132220318309892960e-11
6.459747810296786268e-11
3.018495047273042482e-11
6.221984059642374713e-11
3.084274157452825220e-11
6.392317029433817682e-11
3.148142970690320239e-11
6.437250452793758694e-11
6.561765608348774578e-11
6.904988796548174979e-11
3.656560680545723998e-11
7.591302681247000812e-11
7.300352528567603256e-11
7.166215031650441661e-11
6.351206450993854442e-11
6.463451956555086029e-11
5.805414613729281909e-11
6.102880944218517645e-11
5.760194315376020698e-11
5.945734185192351424e-11
1.131215937319735859e-10
1.109965324003339544e-10
1.070442811966268760e-10
1.060293041178850828e-10
1.037736022912267505e-10
1.041700672807512720e-10
9.988716621081531159e-11
4.981922804932866624e-11
4.687831543779799294e-11
4.549440346869859553e-11
4.506310995841007877e-11
4.369850174616404467e-11
4.506791923450620763e-11
4.516516794313018254e-11
4.816978905677167483e-11
9.376422846039340578e-11
1.006832802871542519e-10
9.795696047512124106e-11
1.123489813643673907e-10
1.163556592036085635e-10
7.346189794211819929e-11
4.061535933464677411e-11
4.402576277210294490e-11
8.318728628315577195e-11
8.010920181645927195e-11
7.156909435610267403e-11
6.933935811375248920e-11
7.016437227717533430e-11
6.697269416328127192e-11
6.372874123715730816e-11
6.154523282233267240e-11
5.960398329894520429e-11
1.135547181741783435e-10
1.117037957192843102e-10
1.092443055554572220e-10
1.123875058555049181e-10
1.090791323803908464e-10
1.125230686545086274e-10
1.057221251986457729e-10
5.599330197622426856e-11
5.454203631357760994e-11
5.562208606796937908e-11
5.472027143187891501e-11
5.472234021978878373e-11
5.418829523191825724e-11
5.372081379341320052e-11
5.185971799342988003e-11
1.047269814064986206e-10
1.043228738700501193e-10
1.074533412273182772e-10
1.107388489680941557e-10
1.132203036101797937e-10
5.762484207494498102e-11
5.897653903369651903e-11
6.128734399793696706e-11
6.465611471881711406e-11
6.726490981460855839e-11
6.406398519482600748e-11
6.457820657636280044e-11
6.193340773693469904e-11
5.947291387081350835e-11
5.840125505906513601e-11
5.570912750962136857e-11
5.426856473360234379e-11
1.020695133675326437e-10
1.013639526024510524e-10
9.758910093024833132e-11
1.031631311273355117e-10
1.017276883517614413e-10
5.317278819332791214e-11
5.019319702755262417e-11
4.832156852224771243e-11
4.832121272640165331e-11
4.611473924322505820e-11
4.893371455675296006e-11
4.853225840140782033e-11
5.305723092035063005e-11
5.273033539348976044e-11
5.988256176074132623e-11
1.185426620718426626e-10
7.286774577191727028e-11
3.893373959566303574e-11
4.209423046538261046e-11
8.268490116468047785e-11
8.053738887490273495e-11
3.924055466790136491e-11
7.649388867819916197e-11
7.087623142247067880e-11
6.277844549842148047e-11
5.796579837407731549e-11
5.616054640797614902e-11
5.439232525890606182e-11
1.059619372457943686e-10
1.078117192580870372e-10
1.077506577011088917e-10
1.106375064352164911e-10
1.094795620811711289e-10
5.640704137911344430e-11
5.787337444974358446e-11
5.742229433002010032e-11
5.153208315920817869e-11
5.158232992647458308e-11
4.885107324202031346e-11
9.686492857798387443e-11
9.441347053018062519e-11
9.548993127892626241e-11
9.836728393071429324e-11
1.018779338588293607e-10
1.082771053818263147e-10
1.111659147944097805e-10
5.738820240313545188e-11
5.766112955220987646e-11
6.129370646228823462e-11
5.946183619764157967e-11
6.266075968081507313e-11
6.114711451739527398e-11
5.817378022690950592e-11
5.698939364022744172e-11
1.067905061285507642e-10
1.062726507791605840e-10
9.911158613888527141e-11
1.032245529034556969e-10
1.019791867727085477e-10
5.593849413599755874e-11
5.554810617018617829e-11
5.602521458599211917e-11
5.536359432172303640e-11
5.349271009123839777e-11
5.756905572102189923e-11
5.578215929233406760e-11
6.150842232370077944e-11
6.269505222994910237e-11
3.697266477095035034e-11
3.884936467287095609e-11
4.031734654114967564e-11
7.846762811088671696e-11
7.376978514977551868e-11
7.206034326763265101e-11
7.084637526198879327e-11
6.425125147578669131e-11
5.849413346001697915e-11
5.961465302825096356e-11
1.044164062375941435e-10
1.150645310765409733e-10
1.051349208648222674e-10
5.613117134843689702e-11
5.523754775431498378e-11
5.430481413862387984e-11
5.711241137918175077e-11
1.014842320966953279e-10
1.060767985254491878e-10
9.312841092184809162e-11
4.842899550550873163e-11
4.914984111261888091e-11
4.823537273142451455e-11
5.481763913840049168e-11
1.051543850991227053e-10
1.193909728405243861e-10
1.094117153585055848e-10
5.907282502738252653e-11
5.903139688065143495e-11
6.023143015984645594e-11
6.425016898937951639e-11
5.791253486339274376e-11
6.330224261586987300e-11
1.082738063516695992e-10
5.613050568928256537e-11
5.999702173527073184e-11
5.876153361700942398e-11
6.847675885904885231e-11
6.116153125349299846e-11
3.501261140375092055e-11
6.169260505526929436e-11
6.986891893557271453e-11
7.521441867816446037e-11
3.783619042363754548e-11
4.246131715713643029e-11
7.797087770699700705e-11
4.052313754393705321e-11
6.952776803912782277e-11
6.903935480927635619e-11
6.571890949597168296e-11
5.966798339355001224e-11
6.316974751795246853e-11
1.095999365374274545e-10
6.071510366861136400e-11
5.586213160810897201e-11
5.553468350685178279e-11
6.097909105190635023e-11
1.043771122465408771e-10
5.765753306020578705e-11
5.768915590220897026e-11
5.732013191456530392e-11
6.508211769331813927e-11
1.128136224831442724e-10
6.409591753464339918e-11
6.174674760930559109e-11
6.257578183982064916e-11
3.575724280622247183e-11
6.324039631931016193e-11
7.214187459066862607e-11
3.642651086026880525e-11
7.443310054828676989e-11
4.349075393792994257e-11
7.399165742574955237e-11
4.470424866965660946e-11
8.215168313326227756e-11
8.514184559926461890e-11
4.412868219195106310e-11
3.639224842581285162e-11
7.456700357972020325e-11
6.648314677095251242e-11
6.250765974863168221e-11
7.468668278007271557e-11
5.324291928567047588e-11
5.839397970820118374e-11
7.817092227651060950e-11
5.742308555218843524e-11
6.365088077730092236e-11
8.008313564788163115e-11
5.860508900062746221e-11
6.777897396487297377e-11
9.062911637132607669e-11
6.499905042968211251e-11
8.035257297912899692e-11
5.301320332989235310e-11
7.453472348723634758e-11
4.133609767356738761e-11
9.121846253753702693e-11
6.149277562953868300e-11
1.173821787454973961e-10
1.177863653852614154e-10
1.223626471050733291e-10
1.266738777178455813e-10
1.343816817132269576e-10
1.294041173562233198e-10
5.361670945876298676e-11
7.316967998116291367e-11
4.589889853564681069e-11
6.201104729373655736e-11
4.569356259844312423e-11
6.545074503793107898e-11
3.909146740340908085e-11
7.053947299600078434e-11
4.068720609097627057e-11
5.944817565243882324e-11
3.792506906410528448e-11
5.414838940844526457e-11
3.869593197979990394e-11
5.666760935195563060e-11
3.750992002995548051e-11
6.633368726884274085e-11
6.933662309852581757e-11
3.698956291288523415e-11
4.093339394073694452e-11
6.932460578158892633e-11
3.590578539433133004e-11
7.122585952957129342e-11
4.143173822646614240e-11
7.405213631057668132e-11
3.833836521687245532e-11
7.767335995616262250e-11
3.666317331873474812e-11
3.824992109076777264e-11
6.766497887345087942e-11
6.440879762194502833e-11
8.502328184630148186e-11
4.053502419193672082e-11
8.725829373818097513e-11
8.671921597722669531e-11
7.002769382202256848e-11
7.535902765327872231e-11
6.434516659508040572e-11
6.198903918632140386e-11
8.681435470418299282e-11
8.883895918325112466e-11
8.064083396723084795e-11
8.427143982997431860e-11
7.868684636222782205e-11
7.374931403467963321e-11
4.365102942971761270e-11
4.128642005545440969e-11
5.754930151301105830e-11
5.757178906753159392e-11
6.102892612639986215e-11
5.614844259367856347e-11
6.805069942660575719e-11
6.480543034079036559e-11
8.123562915842576590e-11
8.658906637594497938e-11
7.990206007515339451e-11
7.362984041937041823e-11
7.264761835118438616e-11
7.132656617484405716e-11
7.559340787511065266e-11
7.004733634825596904e-11
7.905971291838329610e-11
8.038535286999285585e-11
7.684575074633505616e-11
8.209720631371102191e-11
6.726739713124975007e-11
3.822100670889120390e-11
7.779694433124827514e-11
7.471458997796887784e-11
7.500094920584484989e-11
7.856799583913164614e-11
6.930918488586119135e-11
7.529445505218827139e-11
8.073831315089051256e-11
7.381125198506447905e-11
5.539742921108634602e-11
5.474112870039533283e-11
7.395159548155311693e-11
7.498113615671663622e-11
3.989213165115693338e-11
3.813965004557855179e-11
6.615581608381117643e-11
6.929540493189330820e-11
7.410591482630012717e-11
7.700798688708111777e-11
7.086926396017132940e-11
7.171214729303592683e-11
7.811940386136724596e-11
8.123251606892360175e-11
7.406273886465096814e-11
7.629065555162736258e-11
7.221137156921781002e-11
6.895588134693258405e-11
7.059680696344766972e-11
6.402505898918276046e-11
6.409139568159533119e-11
6.817085603554179118e-11
5.414941745125602191e-11
5.125071646943267213e-11
6.326327467565610363e-11
6.664664992958426214e-11
5.951352944341538711e-11
5.947230237994507099e-11
6.941611721453998580e-11
7.350551468022173569e-11
6.250794636233733214e-11
6.361847222052020478e-11
3.695614548801362506e-11
6.357450993148447384e-11
7.390804287966698071e-11
6.708843560409275994e-11
7.293841062812732267e-11
7.106963005361359464e-11
5.705435919231854435e-11
6.098580749072687962e-11
7.817692529344798062e-11
8.083862017154839949e-11
6.943751199212290745e-11
7.006250868954887565e-11
6.011975748057897583e-11
6.546566477147083744e-11
7.375776513457716243e-11
7.209192231450337910e-11
6.801726237743822014e-11
7.040541078085914993e-11
3.299715847830221916e-11
6.783573461069342423e-11
7.170155944854377656e-11
6.664354138431907027e-11
6.838019477525792606e-11
7.183933706711396402e-11
7.645673243856658608e-11
7.252168151765126210e-11
4.384767895234131718e-11
4.547392509267729950e-11
7.713388243795931979e-11
8.162210708548035956e-11
6.825394950095400309e-11
7.304477000706241755e-11
7.247735231978727628e-11
6.841908511096541622e-11
6.662675387770993540e-11
6.700093877779602997e-11
7.426035226764655946e-11
7.690071641888680879e-11
5.593364286062913716e-11
5.504370750623399105e-11
3.359762128650428892e-11
6.139387716741858000e-11
6.880831208822156610e-11
6.634387012511194503e-11
7.111669019268085197e-11
6.750451546795425915e-11
6.619450764808940897e-11
6.515802842156555204e-11
4.081741509147053839e-11
7.246000695168074719e-11
6.928964522502021279e-11
6.753638103172802945e-11
7.221470842864409417e-11
7.359212564361579952e-11
6.658620278793398583e-11
6.628273642438837901e-11
6.812893935195724981e-11
7.363305073274036639e-11
6.913658535737443279e-11
3.822238702879119066e-11
6.531653835763830265e-11
6.965657279772832366e-11
7.081505089524588623e-11
6.774026802230615605e-11
6.195502521103254329e-11
6.721203856228568269e-11
6.073625153141736604e-11
5.892252128768764274e-11
6.165086545502275258e-11
6.691509950087182737e-11
6.644298406681401064e-11
6.842605993880889105e-11
6.614223801173716616e-11
6.794708808590823301e-11
6.725884912034916672e-11
6.791254744303049604e-11
7.678368002300805159e-11
8.660893953199196995e-11
8.077347580616571953e-11
8.035474318981309990e-11
6.563350149814536316e-11
6.542060090760915677e-11
7.152134979503736815e-11
4.151930278004053309e-11
6.672435279249572269e-11
7.006173175185493433e-11
7.408885381121944189e-11
4.022798437163881308e-11
7.851823268917684079e-11
7.670181099578202115e-11
7.235697303731495766e-11
7.095686838835746664e-11
8.627842172129424137e-11
8.363209688051018213e-11
6.780614698229747066e-11
6.641639665633681185e-11
6.738497419370864500e-11
6.394332881347284321e-11
8.411232231879660072e-11
7.726382046127810369e-11
6.953671850092414384e-11
7.121926600217751765e-11
6.511142124143645111e-11
6.449488660403284002e-11
3.707725460595698762e-11
8.544664085544134028e-11
6.431182010525307123e-11
6.661268897334212526e-11
6.724044726660379928e-11
7.307804748212354954e-11
6.551664167179348401e-11
6.824383713787910450e-11
3.652291284123079332e-11
3.831341460384104049e-11
7.672329937127533180e-11
7.261669531872084762e-11
6.266715124867422690e-11
6.204589419146123091e-11
5.885530204456702424e-11
6.101627691711550992e-11
6.529175053251736232e-11
6.530692090211603937e-11
5.877719670483084153e-11
6.238274800511681505e-11
5.713982512679667920e-11
5.127874412454113531e-11
6.594477934074970552e-11
6.477023011110533919e-11
6.197967251176292556e-11
6.187483625169622470e-11
6.415810605989672336e-11
6.781400748071251285e-11
5.691702017320734315e-11
5.599435949512024653e-11
6.652349740154884676e-11
6.220910593597128192e-11
5.790285721839087126e-11
5.785499418746447206e-11
7.282641854191503104e-11
4.118343525610246453e-11
8.248515709344762149e-11
7.697143189329452136e-11
3.677603624331709710e-11
3.622206824971350022e-11
6.527138198232327395e-11
6.758833030579860558e-11
6.018007190797794895e-11
5.757555720124513047e-11
6.034944870999495133e-11
6.688409549538717072e-11
8.351461697138854691e-11
4.530040648408956223e-11
6.015105288596370538e-11
6.320457729070293069e-11
7.384100372777158883e-11
3.867463043931827084e-11
5.542439873502675993e-11
5.522929805688683419e-11
6.554290126639041588e-11
6.939953932736505050e-11
5.878100801476511236e-11
6.345945157794330640e-11
7.162378038199136547e-11
6.814935800185237686e-11
5.822659217245377998e-11
6.018877868888875141e-11
7.219040981915341459e-11
6.873530646446008307e-11
6.166718199133845662e-11
6.306765341995821797e-11
6.605410648277271928e-11
6.736276664265201874e-11
6.214927682816005460e-11
6.325854296638480373e-11
6.152502317539428739e-11
6.498039416853960020e-11
4.880956412484608972e-11
4.952489772889402042e-11
3.628262088018363519e-11
3.765480869447139705e-11
4.881308168601916375e-11
4.881315070270652554e-11
6.488103703600247783e-11
5.939656512152066189e-11
4.112990617803914497e-11
7.495881621718126561e-11
6.362053389790578261e-11
6.031127794414027101e-11
6.293447148870945859e-11
6.603105486381006165e-11
3.152009318770026400e-11
5.545299468291049364e-11
6.338489649896196371e-11
6.337424192977404895e-11
6.393533645744297322e-11
6.322752306521633726e-11
5.634983908679316853e-11
5.791782902353945273e-11
7.336530323281025213e-11
3.891813747329977363e-11
7.642105672128499741e-11
7.285678123306501741e-11
7.171314160179993979e-11
7.491227012567178769e-11
5.849013651773649173e-11
6.216305498183145063e-11
6.387215927027121677e-11
6.254087030536210748e-11
7.220876572904212737e-11
7.078823007402154430e-11
6.691637356751143495e-11
6.591397815486897164e-11
6.432631735328390156e-11
6.608141762278338173e-11
5.889614327771771056e-11
6.115508199897097753e-11
8.325493503470863644e-11
8.209122161920375257e-11
6.046139775699766157e-11
5.848897853233288565e-11
6.642539428353971732e-11
6.320746135669313569e-11
6.229119063825077791e-11
6.177109833380287894e-11
6.115916471182033136e-11
5.921175224556531358e-11
6.180727955226790235e-11
5.588456025954444861e-11
6.605977326125661547e-11
6.124777615073265500e-11
7.513294409688422378e-11
7.339519288859479540e-11
7.316397037133291883e-11
4.087141688942691659e-11
6.539879915721402458e-11
6.271992776945093523e-11
6.225144869485970997e-11
6.269811990260206884e-11
5.646905151222801556e-11
5.866554816623520950e-11
7.424230949348683059e-11
4.202558975196596064e-11
3.256744626431476237e-11
6.770684163238983736e-11
6.257359529448120724e-11
6.304024094009719538e-11
5.806622503617618005e-11
6.052447376522732297e-11
4.060234370198940790e-11
7.403808872224843992e-11
7.158165730527201969e-11
4.149397472206357653e-11
8.685175849337722349e-11
4.552614234463671708e-11
5.655143697619125749e-11
5.984282815007410004e-11
7.936970377353468904e-11
5.295839208364910436e-11
5.925757669444484659e-11
6.041808365864820588e-11
6.452814420686618447e-11
5.952738065991542563e-11
6.460809196728354058e-11
7.312336398959985031e-11
3.470038642318851938e-11
3.969718693101860476e-11
8.833600123756783642e-11
8.217469714070871113e-11
5.600827778110272616e-11
5.570124132200506719e-11
4.136862330781076781e-11
8.414368018954899109e-11
5.685542775926536972e-11
5.287530817799130416e-11
6.827936713492940302e-11
7.367879689917187393e-11
5.729430237386767667e-11
5.656931900743330929e-11
5.968993608343770003e-11
5.882284754621890018e-11
6.382549720143019468e-11
6.220344550298326979e-11
5.913735734102601128e-11
6.257437545115113894e-11
6.271737505033045810e-11
6.383018858005867862e-11
7.366870258641621770e-11
6.744978535940171308e-11
6.811122034952681356e-11
6.487676446978370260e-11
7.077325932840572725e-11
6.808205310414285499e-11
6.434853220245970103e-11
5.984325705914197582e-11
5.347472753992081159e-11
5.754966553030965713e-11
7.578868593185904053e-11
4.226551295776654356e-11
6.338318090922302773e-11
6.629771668120715125e-11
5.770396249010319257e-11
6.194227555178536428e-11
6.215756806929728859e-11
6.065294831487564555e-11
3.486528605519664194e-11
3.784091207481718596e-11
5.978780562735518048e-11
5.658160325044623144e-11
5.572729117797900252e-11
5.264081377156547571e-11
5.786279701945581799e-11
6.436369118546784164e-11
5.459865608235805395e-11
5.715273216129331575e-11
5.885314130516982362e-11
6.193773018487728672e-11
8.406931055462301357e-11
8.272366560066127530e-11
6.180418345972509023e-11
6.512801737814990609e-11
8.330736055008257354e-11
4.660036582970420814e-11
5.558510361896640767e-11
5.280693062669704281e-11
6.074448352446931607e-11
5.749448967031517973e-11
5.777650304238201127e-11
6.026702403457192656e-11
5.802106761624514818e-11
5.913193458611639934e-11
5.945873909789152291e-11
6.928921571320509537e-11
6.217467155680418794e-11
5.740891835600095256e-11
6.566912993344624315e-11
6.771348273849778897e-11
8.069876777705843915e-11
8.056771070690015914e-11
3.289525063515426722e-11
6.666267215701514950e-11
5.708806427350925397e-11
5.695428976011808366e-11
5.497073583025741063e-11
5.443301585829385632e-11
6.260892494165786311e-11
6.525194420349198046e-11
5.710860560400180936e-11
5.468859728281851063e-11
5.682700972976546269e-11
5.852947898541588184e-11
6.120301519263389355e-11
5.828807960899133970e-11
5.774367666850768826e-11
5.641397466624174388e-11
3.657054046715857222e-11
3.757995523332733408e-11
6.157757721322087239e-11
6.106285429274889933e-11
3.804895196283603170e-11
3.569224891779150233e-11
6.406517056017044135e-11
6.354243267972765771e-11
6.192531043305022779e-11
7.033539211589256825e-11
5.947639217788271799e-11
5.617974432835353920e-11
6.863053935131308715e-11
6.334255487080293739e-11
5.678357685011632072e-11
5.968893543473949403e-11
5.750532599712187050e-11
5.856790800925293791e-11
5.412222881784692923e-11
5.522192212548091651e-11
5.762494462036050315e-11
5.989400792314158243e-11
4.567136132127331116e-11
4.523882493220355053e-11
5.956592999614099284e-11
6.229559172960837961e-11
6.222919219382501290e-11
6.011049045942928073e-11
3.875057824834836393e-11
8.020110306106663633e-11
6.105883726521474619e-11
6.306499935406889376e-11
3.724884191761036598e-11
7.607776769283052630e-11
5.530125285508123165e-11
5.907267283472508186e-11
8.377511371701637240e-11
3.805093628116241690e-11
6.576643138085376503e-11
6.092805435273507225e-11
5.828939001991611474e-11
6.266273111109767132e-11
4.122095649909307449e-11
7.765521378361227538e-11
6.028596476181543297e-11
6.382429085229759043e-11
6.645386916385644471e-11
6.009829484234746211e-11
3.605011617042858078e-11
7.320814496678357413e-11
5.967462072158576360e-11
6.227549697804900028e-11
5.954637059983281500e-11
6.351866613608780255e-11
3.347164406852144558e-11
7.009816462993839600e-11
6.215137017029700006e-11
6.156835933941129816e-11
5.740079656239196646e-11
6.517544411065238503e-11
4.079324120725466382e-11
3.678048637380778883e-11
3.223729898406038611e-11
6.020562200903132356e-11
5.488951780720752527e-11
5.633588230443194383e-11
3.888670130991588559e-11
3.978262933351536124e-11
6.809166528032771533e-11
4.590842785401244158e-11
5.726541738855573395e-11
5.432987908641642067e-11
5.493883436408492831e-11
5.448053206695014958e-11
6.287174782730350587e-11
6.071797857657012302e-11
6.232211297714537066e-11
6.652538488433066294e-11
7.081382527297658484e-11
3.732380386877628618e-11
8.070260055578601870e-11
7.821458203600850580e-11
5.797739403075833413e-11
5.939987852940522456e-11
5.987289297613636143e-11
5.785293920207329226e-11
6.259319014480658072e-11
5.895263035882617425e-11
3.928052655053017841e-11
3.997951881815172950e-11
6.263636829370216048e-11
6.401912727322678660e-11
7.102303480473830833e-11
3.630454631983398559e-11
3.665626953678237700e-11
4.102005130012874758e-11
3.668051520302890574e-11
7.855529611568111499e-11
5.548878194492405472e-11
5.510219593887659706e-11
7.437806297956246647e-11
7.456739819434486148e-11
6.035681788310857172e-11
5.766183733902730729e-11
6.332230421573943729e-11
6.111992457982841859e-11
4.510652713167559716e-11
8.497337717840861133e-11
3.517570023729694795e-11
3.768094029061870169e-11
7.888693513937643693e-11
7.819566848141150933e-11
5.498866679504785220e-11
5.364834031736336617e-11
6.938017750598686135e-11
6.606603947203263816e-11
5.616617407526737392e-11
6.128554046255550800e-11
6.028651392922330876e-11
5.511689955652117659e-11
6.050360937881355926e-11
6.383016525666995564e-11
4.549869880700493025e-11
9.052846850730266167e-11
8.649296734252215684e-11
4.146899971046703455e-11
6.382632153660711092e-11
6.050878366780917947e-11
5.591846090944331937e-11
5.725507626223470957e-11
5.452159281987533877e-11
5.734043233113570508e-11
3.790536751266194388e-11
4.168776342430625803e-11
5.475120379690229440e-11
5.841938512632463600e-11
6.109581011322065569e-11
7.025746247544426830e-11
3.133678816574593301e-11
6.185418822695915304e-11
6.501974729627716213e-11
5.441142452137894274e-11
3.951932358490081325e-11
6.922231755510738431e-11
5.992092043147967626e-11
5.947509356701314469e-11
7.288247648732674267e-11
6.980594128349173242e-11
3.142317427679521228e-11
5.941727799548707615e-11
7.887602257225885800e-11
4.014880787194442313e-11
3.695591532489017324e-11
4.041085804041792223e-11
5.732657517914179219e-11
5.862806545579698676e-11
5.606061623170633544e-11
5.816878164853774239e-11
6.267615056696971324e-11
3.802775218377349343e-11
5.614718488106501008e-11
5.538335041265127724e-11
5.035220518457387567e-11
5.600136181519957767e-11
6.045156201252898697e-11
6.194800006641095701e-11
5.473928830363643069e-11
5.990974357748293890e-11
4.470866331014364531e-11
8.222632459689435159e-11
5.888501937715034111e-11
5.465025600981238391e-11
4.632547083180979850e-11
4.915742659150509638e-11
5.609981041709782252e-11
5.649024680807026215e-11
6.411096002176158114e-11
4.097710288034256489e-11
6.256716429385002019e-11
6.292567789133687172e-11
8.034936906601425060e-11
7.811185655560139848e-11
3.520260136594719831e-11
6.717485642050835146e-11
5.528288029205019390e-11
6.254484237435481775e-11
5.506938750616011302e-11
6.046794016535032729e-11
6.538552362810984038e-11
3.467272249742477303e-11
7.089831881407853090e-11
7.043655206254328560e-11
5.075446263014748609e-11
4.806652887380120418e-11
6.007525667666967409e-11
3.763010250537995161e-11
4.048444865498857729e-11
3.653728268077006291e-11
3.509801796189870387e-11
4.044371654249161664e-11
8.303870893519292207e-11
4.296466546094478487e-11
6.568849902323877424e-11
6.996184324403286704e-11
5.805607245679306935e-11
5.414996776237850347e-11
5.800824571417010844e-11
5.640265143864569666e-11
3.514162115039625962e-11
5.923674038125195072e-11
6.021513539120972248e-11
5.913133953614237213e-11
5.721713008050628508e-11
5.950010842267561773e-11
3.679409347703505976e-11
4.408468923373518196e-11
7.231139032239803300e-11
3.800827329383483049e-11
4.446722668565149352e-11
4.509915283477989467e-11
6.037451763074420082e-11
5.670794234600205529e-11
3.473105851108188688e-11
3.854776955375342774e-11
6.505957611844633800e-11
3.440381726294174186e-11
5.650367925007633466e-11
5.503933374152109786e-11
7.034404815430402619e-11
4.097999499049345294e-11
5.800452276931009366e-11
5.387862000969229868e-11
5.346985719088978707e-11
5.709768507317528885e-11
4.098610009488523821e-11
3.804865440982810036e-11
6.493840582448534884e-11
6.167599118207522867e-11
3.678107827121435384e-11
4.101519499201012302e-11
8.512335413737718342e-11
4.591719460257941167e-11
5.513174705468929329e-11
5.578534237090718710e-11
5.491815551697058704e-11
5.596093686957149663e-11
4.061475511910169828e-11
6.966499444202091337e-11
5.343063047131024412e-11
5.780701968713913843e-11
6.024889400338850020e-11
6.493735187448126853e-11
5.708838027629076657e-11
6.294787090169717606e-11
6.399349903509551617e-11
6.433028491240661585e-11
3.820031560831811777e-11
3.748093198419920670e-11
5.557689702515798978e-11
5.356645128268256570e-11
7.865017710637188530e-11
4.158672781286005419e-11
5.760647422480230850e-11
5.635911875076796284e-11
5.655414712997239275e-11
5.736224268131197541e-11
6.195183012470110896e-11
5.998850009717108225e-11
5.805661854490823706e-11
3.847307015605801943e-11
5.311352443777593318e-11
5.527076414411614498e-11
5.436151747918105361e-11
5.247547678640101082e-11
5.879427240473971484e-11
5.759889624231422662e-11
6.015475351156202155e-11
5.783908865286070692e-11
4.802092792142130431e-11
5.457374895856774895e-11
4.378505500850526490e-11
4.515724646707759049e-11
3.565366455676075229e-11
7.322736879611785572e-11
4.481958540032887522e-11
3.758222767528329822e-11
5.579745424705955986e-11
3.225920728942355063e-11
3.829495550980022795e-11
3.576477588523065973e-11
3.289016682445500186e-11
6.177200141269278492e-11
6.316688582020333600e-11
3.308731402286495819e-11
6.816697244859538036e-11
3.538117442706925058e-11
4.206059956408293741e-11
3.690307413861651708e-11
6.888531145117047376e-11
6.813429876472845151e-11
5.487868075598808788e-11
5.851805334803085551e-11
5.699448444456010229e-11
6.073589580344364753e-11
5.253458152490626946e-11
5.253574730218938980e-11
3.174420999199243819e-11
5.997036008131824077e-11
6.680745264136016429e-11
6.966376720578302498e-11
4.290042441725284975e-11
3.982347439569429899e-11
5.683768115616085581e-11
5.710499050833275626e-11
5.059359049946613710e-11
5.182287052654688307e-11
5.556146680215456003e-11
5.699888149019073737e-11
5.770770767744883201e-11
3.523543015337823099e-11
4.335649336965545227e-11
3.667231207176488901e-11
6.214040420937932226e-11
6.035980658252048168e-11
3.533398896545427312e-11
6.226638463993427232e-11
4.590913060229896295e-11
4.876851356969984892e-11
5.374158383375411612e-11
5.560974841182358325e-11
5.383798945157511282e-11
5.019974532810566835e-11
6.845342585104813345e-11
6.280769011676904016e-11
3.795456715046340560e-11
4.118530364145925385e-11
3.665545529006299803e-11
3.945811175670978780e-11
5.675609590689513658e-11
5.876070345891795353e-11
5.538945814756095566e-11
3.191380558021560638e-11
4.044493478820677953e-11
3.769192987480564936e-11
5.997357009227265011e-11
6.072664834247379925e-11
4.205858521397701831e-11
4.152978164348640435e-11
6.026138966225558527e-11
6.459060977810334320e-11
5.147414716959686747e-11
5.385608038183219387e-11
6.275484004104787380e-11
6.422590421864783210e-11
6.747954686842198208e-11
6.663501470446401902e-11
3.112473287096875229e-11
3.203102716980504147e-11
4.956703635240172528e-11
5.285616382657115547e-11
3.850668042528629850e-11
4.002652900540472958e-11
5.446614576859675216e-11
3.219719988041383501e-11
5.493191686859501800e-11
5.439152189616854660e-11
4.821929829029865266e-11
5.271444497738163003e-11
3.719461271043218209e-11
3.383268886369833131e-11
5.322257295728731131e-11
5.024004620130311320e-11
4.123095168035331611e-11
4.535823407246467992e-11
3.118796344345661674e-11
5.451605493266364677e-11
5.477961475585590497e-11
5.561772248758212357e-11
4.171927555680796400e-11
3.731229076146499871e-11
5.730497752651570046e-11
5.532440578941509934e-11
5.425239678973946499e-11
3.186737000477682844e-11
6.232038870913612508e-11
3.674828836713432076e-11
5.792385270641877590e-11
5.443254337641170503e-11
3.163309635094870234e-11
3.588440097396569608e-11
5.644423560849438567e-11
5.826251928509666552e-11
4.270518776827882677e-11
4.080240857280009620e-11
6.092159056733970597e-11
5.622150448510066778e-11
3.009508655819649430e-11
3.135597909595440597e-11
6.050917146730590238e-11
6.183037025935013961e-11
3.101894473344383122e-11
3.501094995253774281e-11
3.499190802493157560e-11
4.089211487521502244e-11
6.374199551874452927e-11
6.233166220194043914e-11
5.591213941799397465e-11
5.414586906822079854e-11
5.315640221118443631e-11
3.117596744258258686e-11
5.271192235277187372e-11
5.286262247356260061e-11
4.454241295179110525e-11
4.713234891183441988e-11
3.682521355002946991e-11
4.027313664678060647e-11
4.119380856268878107e-11
4.099302481021633982e-11
4.529483044791315360e-11
3.941423716681907092e-11
5.845845757141911241e-11
5.955673512014662171e-11
5.866555773109295079e-11
5.905524760873804907e-11
3.580778853573501993e-11
3.645721832935332744e-11
4.959539844005288172e-11
4.666856764813992040e-11
3.108698307139745096e-11
3.223906657645813677e-11
3.340302223934652810e-11
3.641873335405426681e-11
5.658842485508557314e-11
2.954789135234757412e-11
5.601802283917121550e-11
2.970179907640977142e-11
5.663465727434728681e-11
2.734323269391032657e-11
3.656379540743937923e-11
3.872284660595138194e-11
5.608220140687399315e-11
5.451701813200959920e-11
6.148768412424840215e-11
5.564723883352949996e-11
4.944435759725827855e-11
5.155826749421954471e-11
2.749899639335488756e-11
5.616931745615860216e-11
5.638689732696851866e-11
5.417731722510978120e-11
4.452878564604309314e-11
4.540319903932970261e-11
3.127253156040816961e-11
3.556972493533668970e-11
6.484009358153990871e-11
3.928884734213568638e-11
3.450725565197948484e-11
3.234573267677473829e-11
3.181411430301079333e-11
3.563908076392422859e-11
3.526458408347545442e-11
3.796061905282677758e-11
3.923918298109653692e-11
3.626370105618744837e-11
5.588491975822034967e-11
5.721554473807809048e-11
4.475317982928196188e-11
4.773015485985589912e-11
4.073713776608770340e-11
4.269810772416627061e-11
4.070992991867072894e-11
3.630620363895158061e-11
5.220169363951348076e-11
5.600307092647415391e-11
5.536926619034870363e-11
5.250109103905046261e-11
5.574584683269457359e-11
5.447552501663839285e-11
4.047757661853603400e-11
4.298920210598730759e-11
3.753347188037270639e-11
3.912982661311358661e-11
5.082088843521741596e-11
5.104991526974740103e-11
5.678784718001148080e-11
5.626452524382785095e-11
5.796750286099318426e-11
5.932660583625479854e-11
6.547685412081375726e-11
6.186022688843935473e-11
5.687729853251940008e-11
5.749281574754667131e-11
3.107696322027086458e-11
3.199044738828958204e-11
5.730416097897431912e-11
3.439532470555480658e-11
3.742441467737509559e-11
4.164022231558841915e-11
5.601843884295717696e-11
3.146229279040076854e-11
4.204860551073122646e-11
3.851355909797230326e-11
3.513960488958222467e-11
3.048600561752518882e-11
3.150653834568314776e-11
3.153586462128803501e-11
3.024106512426865977e-11
3.139581190124926121e-11
6.069778829411923762e-11
3.212539815996705236e-11
3.904205581335457830e-11
3.796275853543849512e-11
5.318922633881438580e-11
5.457614901887655287e-11
3.838634024741639338e-11
3.760092649715175200e-11
5.223758287909246325e-11
5.933006915064619584e-11
4.272643592460002659e-11
4.182209095623419947e-11
3.153587946589402950e-11
3.229756020227235044e-11
4.999450831383569578e-11
5.281149465394135874e-11
5.625806815506967946e-11
5.480583031452292261e-11
4.223661444265961524e-11
3.827080760705303466e-11
5.127493048201878721e-11
5.245091503076256462e-11
4.502455448805739150e-11
3.950771118397557745e-11
5.718523057722087231e-11
6.250570293252930105e-11
5.342648241392874745e-11
4.399296041410720771e-11
5.241643623259727123e-11
5.545486013556752305e-11
5.274694236671967202e-11
5.643344567799863832e-11
3.731807492551167538e-11
3.739918450485308073e-11
3.730508983288755168e-11
3.604979221977631534e-11
3.637905316320550466e-11
3.450257974984661136e-11
5.603076346146591137e-11
5.608439577134981068e-11
2.978404782682585182e-11
3.276156746003787254e-11
3.931012484148319058e-11
3.595947360228808266e-11
3.861928404162745568e-11
3.288860303588207750e-11
3.695669259186367500e-11
3.771488401428515718e-11
5.223842005984462170e-11
5.093555229236150596e-11
3.314822525690565726e-11
3.432182557912974005e-11
